WB
:
0.5131527232922685 0.9394989846288989 0.9394989846288989 4.090312295242366
:
0.49731215501137577 0.924534069875009 0.924534069875009 3.7858051770931382
:
0.48857071042819533 0.9164661695214066 0.9164661695214066 3.6452362153487563
:
0.4909225877477398 0.9175418937724794 0.9175418937724794 3.6434184678893566
:
0.4879895102026071 0.916052219964021 0.916052219964021 3.631787196314467
:
0.49219265457556055 0.9195060700363376 0.9195060700363376 3.702333807307083
:
0.4981825791323611 0.9219565668380144 0.9219565668380144 3.6793409457578443
